name: newsenv
channels:
  - conda-forge
  - defaults
dependencies:
  - appdirs=1.4.4=pyh9f0ad1d_0
  - asgiref=3.6.0=pyhd8ed1ab_0
  - backports.zoneinfo=0.2.1=py39hcbf5309_7
  - brotlipy=0.7.0=py39ha55989b_1005
  - bzip2=1.0.8=h8ffe710_4
  - ca-certificates=2022.12.7=h5b45459_0
  - certifi=2022.12.7=pyhd8ed1ab_0
  - cffi=1.15.1=py39h68f70e3_3
  - charset-normalizer=2.1.1=pyhd8ed1ab_0
  - cryptography=39.0.1=py39hb6bd5e6_0
  - django=4.1.6=pyhd8ed1ab_0
  - django-extensions=3.2.1=pyhd8ed1ab_0
  - idna=3.4=pyhd8ed1ab_0
  - intel-openmp=2023.0.0=h57928b3_25922
  - joblib=1.2.0=pyhd8ed1ab_0
  - libblas=3.9.0=16_win64_mkl
  - libcblas=3.9.0=16_win64_mkl
  - libffi=3.4.2=h8ffe710_5
  - libhwloc=2.8.0=h039e092_1
  - libiconv=1.17=h8ffe710_0
  - liblapack=3.9.0=16_win64_mkl
  - libsqlite=3.40.0=hcfcfb64_0
  - libxml2=2.10.3=hc3477c8_0
  - libzlib=1.2.13=hcfcfb64_4
  - m2w64-gcc-libgfortran=5.3.0=6
  - m2w64-gcc-libs=5.3.0=7
  - m2w64-gcc-libs-core=5.3.0=7
  - m2w64-gmp=6.1.0=2
  - m2w64-libwinpthread-git=5.0.0.4634.697f757=2
  - mkl=2022.1.0=h6a75c08_874
  - msys2-conda-epoch=20160418=1
  - numpy=1.24.2=py39h16ffa76_0
  - openssl=3.1.0=hcfcfb64_0
  - packaging=23.0=pyhd8ed1ab_0
  - pandas=1.5.3=py39h2ba5b7c_0
  - pip=23.0=pyhd8ed1ab_0
  - pooch=1.6.0=pyhd8ed1ab_0
  - pthreads-win32=2.9.1=hfa6e2cd_3
  - pycparser=2.21=pyhd8ed1ab_0
  - pyopenssl=23.0.0=pyhd8ed1ab_0
  - pysocks=1.7.1=pyh0701188_6
  - python=3.9.16=h4de0772_0_cpython
  - python-dateutil=2.8.2=pyhd8ed1ab_0
  - python_abi=3.9=3_cp39
  - pytz=2022.7.1=pyhd8ed1ab_0
  - requests=2.28.2=pyhd8ed1ab_0
  - scikit-learn=1.2.1=py39h6fe01c0_0
  - scipy=1.10.0=py39hfbf2dce_2
  - setuptools=67.1.0=pyhd8ed1ab_0
  - six=1.16.0=pyh6c4a22f_0
  - sqlparse=0.4.3=pyhd8ed1ab_0
  - tbb=2021.7.0=h91493d7_1
  - threadpoolctl=3.1.0=pyh8a188c0_0
  - tk=8.6.12=h8ffe710_0
  - typing_extensions=4.4.0=pyha770c72_0
  - tzdata=2022g=h191b570_0
  - ucrt=10.0.22621.0=h57928b3_0
  - urllib3=1.26.14=pyhd8ed1ab_0
  - vc=14.3=hb6edc58_10
  - vs2015_runtime=14.34.31931=h4c5c07a_10
  - wheel=0.38.4=pyhd8ed1ab_0
  - win_inet_pton=1.1.0=pyhd8ed1ab_6
  - xz=5.2.6=h8d14728_0
  - pip:
    - anyio==3.6.2
    - argon2-cffi==21.3.0
    - argon2-cffi-bindings==21.2.0
    - arrow==1.2.3
    - async-generator==1.10
    - attrs==22.2.0
    - beautifulsoup4==4.12.0
    - bleach==6.0.0
    - colorama==0.4.6
    - contourpy==1.0.7
    - cycler==0.11.0
    - defusedxml==0.7.1
    - exceptiongroup==1.1.1
    - fastjsonschema==2.16.3
    - fonttools==4.38.0
    - fqdn==1.5.1
    - h11==0.14.0
    - importlib-metadata==6.1.0
    - importlib-resources==5.10.2
    - ipython-genutils==0.2.0
    - isoduration==20.11.0
    - jinja2==3.1.2
    - jsonpointer==2.3
    - jsonschema==4.17.3
    - jupyter-client==8.1.0
    - jupyter-core==5.3.0
    - jupyter-events==0.6.3
    - jupyter-server==2.5.0
    - jupyter-server-terminals==0.4.4
    - jupyterlab-pygments==0.2.2
    - kiwisolver==1.4.4
    - lxml==4.9.2
    - markupsafe==2.1.2
    - matplotlib==3.7.0
    - mistune==2.0.5
    - nbclassic==0.5.3
    - nbclient==0.7.2
    - nbconvert==7.2.10
    - nbformat==5.8.0
    - notebook==6.5.3
    - notebook-shim==0.2.2
    - outcome==1.2.0
    - pandocfilters==1.5.0
    - pillow==9.4.0
    - platformdirs==3.1.1
    - prometheus-client==0.16.0
    - pydot==1.4.2
    - pyparsing==3.0.9
    - pyrsistent==0.19.3
    - pythainlp==3.1.1
    - python-json-logger==2.0.7
    - pywin32==305
    - pywinpty==2.0.10
    - pyyaml==6.0
    - rfc3339-validator==0.1.4
    - rfc3986-validator==0.1.1
    - selenium==4.8.2
    - send2trash==1.8.0
    - sniffio==1.3.0
    - sortedcontainers==2.4.0
    - soupsieve==2.4
    - terminado==0.17.1
    - tinycss2==1.2.1
    - traitlets==5.9.0
    - trio==0.22.0
    - trio-websocket==0.10.2
    - uri-template==1.2.0
    - webcolors==1.12
    - webencodings==0.5.1
    - websocket-client==1.5.1
    - wordcloud==1.8.2.2
    - wsproto==1.2.0
    - zipp==3.13.0
prefix: C:\Users\ASUS\.conda\envs\newsenv
